# river=american scale_factor=11700.0 threshold=643.636
frame	cfs	norm	scaled	high_variation
0	2900.0	0.2479	49.57	0
1	4450.0	0.3803	76.07	1
2	4200.0	0.359	71.79	0
3	5690.0	0.4863	97.26	1
4	5570.0	0.4761	95.21	1
5	5340.0	0.4564	91.28	0
6	5290.0	0.4521	90.43	0
7	5550.0	0.4744	94.87	0
8	5520.0	0.4718	94.36	0
9	5360.0	0.4581	91.62	0
10	5360.0	0.4581	91.62	0
11	5430.0	0.4641	92.82	0
12	5360.0	0.4581	91.62	0
13	5480.0	0.4684	93.68	0
14	5450.0	0.4658	93.16	0
15	5360.0	0.4581	91.62	0
16	5340.0	0.4564	91.28	0
17	5430.0	0.4641	92.82	0
18	5500.0	0.4701	94.02	0
19	5090.0	0.435	87.01	0
20	5020.0	0.4291	85.81	0
21	5200.0	0.4444	88.89	0
22	5020.0	0.4291	85.81	0
23	5410.0	0.4624	92.48	0
24	5150.0	0.4402	88.03	0
25	4930.0	0.4214	84.27	0
26	5020.0	0.4291	85.81	0
27	4750.0	0.406	81.2	0
28	4750.0	0.406	81.2	0
29	5040.0	0.4308	86.15	0
30	5000.0	0.4274	85.47	0
31	4730.0	0.4043	80.85	0
32	4880.0	0.4171	83.42	0
33	4750.0	0.406	81.2	0
34	4770.0	0.4077	81.54	0
35	4860.0	0.4154	83.08	0
36	4820.0	0.412	82.39	0
37	4680.0	0.4	80.0	0
38	4710.0	0.4026	80.51	0
39	4770.0	0.4077	81.54	0
40	4710.0	0.4026	80.51	0
41	4790.0	0.4094	81.88	0
42	4730.0	0.4043	80.85	0
43	4840.0	0.4137	82.74	0
44	4860.0	0.4154	83.08	0
45	4730.0	0.4043	80.85	0
46	4770.0	0.4077	81.54	0
47	4860.0	0.4154	83.08	0
48	4710.0	0.4026	80.51	0
49	5060.0	0.4325	86.5	0
50	5090.0	0.435	87.01	0
51	4710.0	0.4026	80.51	0
52	4750.0	0.406	81.2	0
53	4880.0	0.4171	83.42	0
54	4710.0	0.4026	80.51	0
55	4910.0	0.4197	83.93	0
56	4730.0	0.4043	80.85	0
57	5090.0	0.435	87.01	0
58	5060.0	0.4325	86.5	0
59	4430.0	0.3786	75.73	0
60	4550.0	0.3889	77.78	0
61	4100.0	0.3504	70.09	0
62	4260.0	0.3641	72.82	0
63	4120.0	0.3521	70.43	0
64	4120.0	0.3521	70.43	0
65	4370.0	0.3735	74.7	0
66	4220.0	0.3607	72.14	0
67	4020.0	0.3436	68.72	0
68	4640.0	0.3966	79.32	0
69	3930.0	0.3359	67.18	0
70	3910.0	0.3342	66.84	0
71	4470.0	0.3821	76.41	0
72	4060.0	0.347	69.4	0
73	4200.0	0.359	71.79	0
74	4160.0	0.3556	71.11	0
75	3550.0	0.3034	60.68	0
76	3590.0	0.3068	61.37	0
77	3680.0	0.3145	62.91	0
78	4290.0	0.3667	73.33	0
79	3550.0	0.3034	60.68	0
80	3650.0	0.312	62.39	0
81	3540.0	0.3026	60.51	0
82	3460.0	0.2957	59.15	0
83	2910.0	0.2487	49.74	0
84	2960.0	0.253	50.6	0
85	2530.0	0.2162	43.25	0
86	2670.0	0.2282	45.64	0
87	2390.0	0.2043	40.85	0
88	2300.0	0.1966	39.32	0
89	2000.0	0.1709	34.19	0
90	2000.0	0.1709	34.19	0
91	2110.0	0.1803	36.07	0
92	2000.0	0.1709	34.19	0
93	2160.0	0.1846	36.92	0
94	2120.0	0.1812	36.24	0
95	2000.0	0.1709	34.19	0
96	2110.0	0.1803	36.07	0
97	2020.0	0.1726	34.53	0
98	2120.0	0.1812	36.24	0
99	2000.0	0.1709	34.19	0
100	2110.0	0.1803	36.07	0
101	1720.0	0.147	29.4	0
102	1850.0	0.1581	31.62	0
103	1710.0	0.1462	29.23	0
104	1650.0	0.141	28.21	0
105	1840.0	0.1573	31.45	0
106	1690.0	0.1444	28.89	0
107	1810.0	0.1547	30.94	0
108	1810.0	0.1547	30.94	0
109	1710.0	0.1462	29.23	0
110	1710.0	0.1462	29.23	0
111	1880.0	0.1607	32.14	0
112	1710.0	0.1462	29.23	0
113	1860.0	0.159	31.79	0
114	1720.0	0.147	29.4	0
115	1840.0	0.1573	31.45	0
116	1710.0	0.1462	29.23	0
117	1840.0	0.1573	31.45	0
118	1710.0	0.1462	29.23	0
119	1850.0	0.1581	31.62	0
120	1690.0	0.1444	28.89	0
121	1810.0	0.1547	30.94	0
122	1710.0	0.1462	29.23	0
123	1820.0	0.1556	31.11	0
124	1820.0	0.1556	31.11	0
125	1690.0	0.1444	28.89	0
126	1710.0	0.1462	29.23	0
127	1810.0	0.1547	30.94	0
128	1690.0	0.1444	28.89	0
129	1840.0	0.1573	31.45	0
130	1850.0	0.1581	31.62	0
131	1710.0	0.1462	29.23	0
132	1710.0	0.1462	29.23	0
133	1840.0	0.1573	31.45	0
134	1690.0	0.1444	28.89	0
135	1820.0	0.1556	31.11	0
136	1680.0	0.1436	28.72	0
137	1840.0	0.1573	31.45	0
138	1710.0	0.1462	29.23	0
139	1840.0	0.1573	31.45	0
140	1710.0	0.1462	29.23	0
141	1810.0	0.1547	30.94	0
142	1810.0	0.1547	30.94	0
143	1660.0	0.1419	28.38	0
144	1690.0	0.1444	28.89	0
145	1810.0	0.1547	30.94	0
146	1710.0	0.1462	29.23	0
147	1820.0	0.1556	31.11	0
148	1690.0	0.1444	28.89	0
149	1820.0	0.1556	31.11	0
150	1820.0	0.1556	31.11	0
151	1710.0	0.1462	29.23	0
152	1710.0	0.1462	29.23	0
153	1820.0	0.1556	31.11	0
154	1710.0	0.1462	29.23	0
155	1810.0	0.1547	30.94	0
156	1720.0	0.147	29.4	0
157	1880.0	0.1607	32.14	0
158	1890.0	0.1615	32.31	0
159	1660.0	0.1419	28.38	0
160	1690.0	0.1444	28.89	0
161	1820.0	0.1556	31.11	0
162	1810.0	0.1547	30.94	0
163	1680.0	0.1436	28.72	0
164	1780.0	0.1521	30.43	0
165	1680.0	0.1436	28.72	0
166	1690.0	0.1444	28.89	0
167	1860.0	0.159	31.79	0
168	1850.0	0.1581	31.62	0
169	1760.0	0.1504	30.09	0
170	1820.0	0.1556	31.11	0
171	1710.0	0.1462	29.23	0
172	1750.0	0.1496	29.91	0
173	1840.0	0.1573	31.45	0
174	1820.0	0.1556	31.11	0
175	1740.0	0.1487	29.74	0
176	1780.0	0.1521	30.43	0
177	2050.0	0.1752	35.04	0
178	1860.0	0.159	31.79	0
179	1270.0	0.1085	21.71	0
180	1340.0	0.1145	22.91	0
181	950.0	0.0812	16.24	0
182	1110.0	0.0949	18.97	0
183	974.0	0.0832	16.65	0
184	938.0	0.0802	16.03	0
185	1230.0	0.1051	21.03	0
186	986.0	0.0843	16.85	0
187	1060.0	0.0906	18.12	0
188	1010.0	0.0863	17.26	0
189	1100.0	0.094	18.8	0
190	1160.0	0.0991	19.83	0
191	1010.0	0.0863	17.26	0
192	1060.0	0.0906	18.12	0
193	1130.0	0.0966	19.32	0
194	1080.0	0.0923	18.46	0
195	1110.0	0.0949	18.97	0
196	1060.0	0.0906	18.12	0
197	1120.0	0.0957	19.15	0
198	1060.0	0.0906	18.12	0
199	1130.0	0.0966	19.32	0
200	1120.0	0.0957	19.15	0
201	1050.0	0.0897	17.95	0
202	1030.0	0.088	17.61	0
203	1100.0	0.094	18.8	0
204	1080.0	0.0923	18.46	0
205	1050.0	0.0897	17.95	0
206	1050.0	0.0897	17.95	0
207	1080.0	0.0923	18.46	0
208	1030.0	0.088	17.61	0
209	1080.0	0.0923	18.46	0
210	1150.0	0.0983	19.66	0
211	1020.0	0.0872	17.44	0
212	1030.0	0.088	17.61	0
213	1110.0	0.0949	18.97	0
214	1050.0	0.0897	17.95	0
215	1110.0	0.0949	18.97	0
216	1030.0	0.088	17.61	0
217	1100.0	0.094	18.8	0
218	1320.0	0.1128	22.56	0
219	1060.0	0.0906	18.12	0
220	1060.0	0.0906	18.12	0
221	1120.0	0.0957	19.15	0
222	1070.0	0.0915	18.29	0
223	1150.0	0.0983	19.66	0
224	1080.0	0.0923	18.46	0
225	1150.0	0.0983	19.66	0
226	1130.0	0.0966	19.32	0
227	1050.0	0.0897	17.95	0
228	1120.0	0.0957	19.15	0
229	1050.0	0.0897	17.95	0
230	1080.0	0.0923	18.46	0
231	1030.0	0.088	17.61	0
232	950.0	0.0812	16.24	0
233	1130.0	0.0966	19.32	0
234	1080.0	0.0923	18.46	0
235	1050.0	0.0897	17.95	0
236	1070.0	0.0915	18.29	0
237	1080.0	0.0923	18.46	0
238	1080.0	0.0923	18.46	0
239	1060.0	0.0906	18.12	0
240	986.0	0.0843	16.85	0
241	1170.0	0.1	20.0	0
242	1150.0	0.0983	19.66	0
243	998.0	0.0853	17.06	0
244	998.0	0.0853	17.06	0
245	1070.0	0.0915	18.29	0
246	998.0	0.0853	17.06	0
247	1070.0	0.0915	18.29	0
248	1060.0	0.0906	18.12	0
249	986.0	0.0843	16.85	0
250	998.0	0.0853	17.06	0
251	1110.0	0.0949	18.97	0
252	1080.0	0.0923	18.46	0
253	927.0	0.0792	15.85	0
254	986.0	0.0843	16.85	0
255	1150.0	0.0983	19.66	0
256	1050.0	0.0897	17.95	0
257	1150.0	0.0983	19.66	0
258	1130.0	0.0966	19.32	0
259	1070.0	0.0915	18.29	0
260	1020.0	0.0872	17.44	0
261	1150.0	0.0983	19.66	0
262	1050.0	0.0897	17.95	0
263	1150.0	0.0983	19.66	0
264	1030.0	0.088	17.61	0
265	1130.0	0.0966	19.32	0
266	1130.0	0.0966	19.32	0
267	1030.0	0.088	17.61	0
268	1150.0	0.0983	19.66	0
269	1050.0	0.0897	17.95	0
270	1050.0	0.0897	17.95	0
271	1170.0	0.1	20.0	0
272	1060.0	0.0906	18.12	0
273	1160.0	0.0991	19.83	0
274	1130.0	0.0966	19.32	0
275	1060.0	0.0906	18.12	0
276	1030.0	0.088	17.61	0
277	1120.0	0.0957	19.15	0
278	1120.0	0.0957	19.15	0
279	1020.0	0.0872	17.44	0
280	1120.0	0.0957	19.15	0
281	1050.0	0.0897	17.95	0
282	1050.0	0.0897	17.95	0
283	1120.0	0.0957	19.15	0
284	1110.0	0.0949	18.97	0
285	1020.0	0.0872	17.44	0
286	998.0	0.0853	17.06	0
287	1080.0	0.0923	18.46	0
288	1080.0	0.0923	18.46	0
289	1010.0	0.0863	17.26	0
290	1010.0	0.0863	17.26	0
291	1080.0	0.0923	18.46	0
292	1100.0	0.094	18.8	0
293	1030.0	0.088	17.61	0
294	1020.0	0.0872	17.44	0
295	1100.0	0.094	18.8	0
296	1080.0	0.0923	18.46	0
297	986.0	0.0843	16.85	0
298	1080.0	0.0923	18.46	0
299	974.0	0.0832	16.65	0
300	998.0	0.0853	17.06	0
301	1060.0	0.0906	18.12	0
302	1060.0	0.0906	18.12	0
303	962.0	0.0822	16.44	0
304	1070.0	0.0915	18.29	0
305	974.0	0.0832	16.65	0
306	950.0	0.0812	16.24	0
307	1080.0	0.0923	18.46	0
308	1120.0	0.0957	19.15	0
309	1020.0	0.0872	17.44	0
310	1020.0	0.0872	17.44	0
311	1110.0	0.0949	18.97	0
312	1100.0	0.094	18.8	0
313	1020.0	0.0872	17.44	0
314	1110.0	0.0949	18.97	0
315	1030.0	0.088	17.61	0
316	1030.0	0.088	17.61	0
317	1080.0	0.0923	18.46	0
318	1030.0	0.088	17.61	0
319	1070.0	0.0915	18.29	0
320	1080.0	0.0923	18.46	0
321	1030.0	0.088	17.61	0
322	1070.0	0.0915	18.29	0
323	998.0	0.0853	17.06	0
324	1060.0	0.0906	18.12	0
325	998.0	0.0853	17.06	0
326	1070.0	0.0915	18.29	0
327	998.0	0.0853	17.06	0
328	1020.0	0.0872	17.44	0
329	1080.0	0.0923	18.46	0
330	1110.0	0.0949	18.97	0
331	998.0	0.0853	17.06	0
332	986.0	0.0843	16.85	0
333	1160.0	0.0991	19.83	0
334	1060.0	0.0906	18.12	0
335	3070.0	0.2624	52.48	0
336	3020.0	0.2581	51.62	0
337	5180.0	0.4427	88.55	0
338	5220.0	0.4462	89.23	0
339	4860.0	0.4154	83.08	0
340	4880.0	0.4171	83.42	0
341	11400.0	0.9744	194.87	1
342	11400.0	0.9744	194.87	1
343	11300.0	0.9658	193.16	1
344	11300.0	0.9658	193.16	1
345	11500.0	0.9829	196.58	1
346	11500.0	0.9829	196.58	1
347	9560.0	0.8171	163.42	1
348	9830.0	0.8402	168.03	1
349	8480.0	0.7248	144.96	1
350	8590.0	0.7342	146.84	1
351	7560.0	0.6462	129.23	0
352	7720.0	0.6598	131.97	0
353	6540.0	0.559	111.79	0
354	6660.0	0.5692	113.85	0
355	5730.0	0.4897	97.95	1
356	5810.0	0.4966	99.32	1
357	4770.0	0.4077	81.54	0
358	5290.0	0.4521	90.43	1
359	4470.0	0.3821	76.41	0
360	4470.0	0.3821	76.41	0
361	5040.0	0.4308	86.15	0
362	5000.0	0.4274	85.47	0
363	5090.0	0.435	87.01	0
364	4970.0	0.4248	84.96	0
365	8090.0	0.6915	138.29	0
366	8060.0	0.6889	137.78	0
367	11500.0	0.9829	196.58	1
368	11500.0	0.9829	196.58	1
369	11200.0	0.9573	191.45	1
370	11400.0	0.9744	194.87	1
371	11200.0	0.9573	191.45	1
372	11300.0	0.9658	193.16	1
373	11400.0	0.9744	194.87	1
374	11300.0	0.9658	193.16	1
375	11600.0	0.9915	198.29	0
376	11700.0	1.0	200.0	0
377	11200.0	0.9573	191.45	0
378	11400.0	0.9744	194.87	0
379	9650.0	0.8248	164.96	0
380	9680.0	0.8274	165.47	0
381	8280.0	0.7077	141.54	0
382	8530.0	0.7291	145.81	0
383	7320.0	0.6256	125.13	0
384	7350.0	0.6282	125.64	0
385	6140.0	0.5248	104.96	1
386	6140.0	0.5248	104.96	1
387	5380.0	0.4598	91.97	1
388	5240.0	0.4479	89.57	1
389	4770.0	0.4077	81.54	0
390	4770.0	0.4077	81.54	0
391	4180.0	0.3573	71.45	0
392	4160.0	0.3556	71.11	0
393	3830.0	0.3274	65.47	0
394	3950.0	0.3376	67.52	0
395	3830.0	0.3274	65.47	0
396	3950.0	0.3376	67.52	0
397	3590.0	0.3068	61.37	0
398	3540.0	0.3026	60.51	0
399	3390.0	0.2897	57.95	0
400	3390.0	0.2897	57.95	0
401	3500.0	0.2991	59.83	0
402	3390.0	0.2897	57.95	0
403	3500.0	0.2991	59.83	0
404	3370.0	0.288	57.61	0
405	3540.0	0.3026	60.51	0
406	3370.0	0.288	57.61	0
407	3540.0	0.3026	60.51	0
408	3500.0	0.2991	59.83	0
409	3350.0	0.2863	57.26	0
410	3480.0	0.2974	59.49	0
411	3370.0	0.288	57.61	0
412	3480.0	0.2974	59.49	0
413	3350.0	0.2863	57.26	0
414	3480.0	0.2974	59.49	0
415	3090.0	0.2641	52.82	0
416	3090.0	0.2641	52.82	0
417	2490.0	0.2128	42.56	0
418	2560.0	0.2188	43.76	0
419	2430.0	0.2077	41.54	0
420	2540.0	0.2171	43.42	0
421	2410.0	0.206	41.2	0
422	2410.0	0.206	41.2	0
423	5020.0	0.4291	85.81	0
424	4910.0	0.4197	83.93	0
425	4730.0	0.4043	80.85	0
426	4750.0	0.406	81.2	0
427	4840.0	0.4137	82.74	0
428	4750.0	0.406	81.2	0
429	4820.0	0.412	82.39	0
430	4710.0	0.4026	80.51	0
431	4840.0	0.4137	82.74	0
432	4710.0	0.4026	80.51	0
433	4820.0	0.412	82.39	0
434	4710.0	0.4026	80.51	0
435	4820.0	0.412	82.39	0
436	4790.0	0.4094	81.88	0
437	4410.0	0.3769	75.38	0
438	4350.0	0.3718	74.36	0
439	4490.0	0.3838	76.75	0
440	4470.0	0.3821	76.41	0
441	3890.0	0.3325	66.5	0
442	3990.0	0.341	68.21	0
443	3350.0	0.2863	57.26	0
444	3460.0	0.2957	59.15	0
445	3340.0	0.2855	57.09	0
446	3440.0	0.294	58.8	0
447	2900.0	0.2479	49.57	0
448	3000.0	0.2564	51.28	0
449	2390.0	0.2043	40.85	0
450	2490.0	0.2128	42.56	0
451	2380.0	0.2034	40.68	0
452	2380.0	0.2034	40.68	0
453	2620.0	0.2239	44.79	0
454	2620.0	0.2239	44.79	0
455	2390.0	0.2043	40.85	0
456	2490.0	0.2128	42.56	0
457	2350.0	0.2009	40.17	0
458	2380.0	0.2034	40.68	0
459	2460.0	0.2103	42.05	0
460	2310.0	0.1974	39.49	0
461	2430.0	0.2077	41.54	0
462	2460.0	0.2103	42.05	0
463	2350.0	0.2009	40.17	0
464	2310.0	0.1974	39.49	0
465	2440.0	0.2085	41.71	0
466	2330.0	0.1991	39.83	0
467	4970.0	0.4248	84.96	0
468	5000.0	0.4274	85.47	0
469	4880.0	0.4171	83.42	0
470	5000.0	0.4274	85.47	0
471	4860.0	0.4154	83.08	0
472	3500.0	0.2991	59.83	0
473	5020.0	0.4291	85.81	0
474	4910.0	0.4197	83.93	0
475	4100.0	0.3504	70.09	1
476	4220.0	0.3607	72.14	1
477	3680.0	0.3145	62.91	0
478	3760.0	0.3214	64.27	0
479	3120.0	0.2667	53.33	0
480	3300.0	0.2821	56.41	0
481	2670.0	0.2282	45.64	0
482	2730.0	0.2333	46.67	0
483	2190.0	0.1872	37.44	0
484	2230.0	0.1906	38.12	0
485	1720.0	0.147	29.4	0
486	1840.0	0.1573	31.45	0
487	1360.0	0.1162	23.25	0
488	1430.0	0.1222	24.44	0
489	1690.0	0.1444	28.89	0
490	1640.0	0.1402	28.03	0
491	1440.0	0.1231	24.62	0
492	1920.0	0.1641	32.82	0
493	1380.0	0.1179	23.59	0
494	1350.0	0.1154	23.08	0
495	2730.0	0.2333	46.67	0
496	2090.0	0.1786	35.73	0
497	2560.0	0.2188	43.76	0
498	2440.0	0.2085	41.71	0
499	2560.0	0.2188	43.76	0
500	2640.0	0.2256	45.13	0
501	2410.0	0.206	41.2	0
502	2220.0	0.1897	37.95	0
503	2590.0	0.2214	44.27	0
504	2350.0	0.2009	40.17	0
505	2860.0	0.2444	48.89	0
506	2110.0	0.1803	36.07	0
507	2980.0	0.2547	50.94	0
508	2540.0	0.2171	43.42	0
509	2360.0	0.2017	40.34	0
510	2460.0	0.2103	42.05	0
511	2360.0	0.2017	40.34	0
512	2440.0	0.2085	41.71	0
513	2200.0	0.188	37.61	0
514	2230.0	0.1906	38.12	0
515	2140.0	0.1829	36.58	0
516	2190.0	0.1872	37.44	0
517	2140.0	0.1829	36.58	0
518	2170.0	0.1855	37.09	0
519	1790.0	0.153	30.6	0
520	1740.0	0.1487	29.74	0
521	2000.0	0.1709	34.19	0
522	1850.0	0.1581	31.62	0
523	1440.0	0.1231	24.62	0
524	1440.0	0.1231	24.62	0
525	1540.0	0.1316	26.32	0
526	1510.0	0.1291	25.81	0
527	1060.0	0.0906	18.12	0
528	1150.0	0.0983	19.66	0
529	1070.0	0.0915	18.29	0
530	1080.0	0.0923	18.46	0
531	1130.0	0.0966	19.32	0
532	1080.0	0.0923	18.46	0
533	1160.0	0.0991	19.83	0
534	1050.0	0.0897	17.95	0
535	1150.0	0.0983	19.66	0
536	1050.0	0.0897	17.95	0
537	1150.0	0.0983	19.66	0
538	1060.0	0.0906	18.12	0
539	1130.0	0.0966	19.32	0
540	1100.0	0.094	18.8	0
541	1160.0	0.0991	19.83	0
542	1170.0	0.1	20.0	0
543	1080.0	0.0923	18.46	0
544	1070.0	0.0915	18.29	0
545	1690.0	0.1444	28.89	0
546	1460.0	0.1248	24.96	0
547	1570.0	0.1342	26.84	0
548	1690.0	0.1444	28.89	0
549	1430.0	0.1222	24.44	0
550	1430.0	0.1222	24.44	0
551	1590.0	0.1359	27.18	0
552	1470.0	0.1256	25.13	0
553	1580.0	0.135	27.01	0
554	1480.0	0.1265	25.3	0
555	2160.0	0.1846	36.92	0
556	2410.0	0.206	41.2	0
557	1960.0	0.1675	33.5	0
558	1970.0	0.1684	33.68	0
559	7820.0	0.6684	133.68	1
560	7660.0	0.6547	130.94	1
561	7510.0	0.6419	128.38	1
562	7660.0	0.6547	130.94	1
563	7450.0	0.6368	127.35	1
564	7610.0	0.6504	130.09	1
565	7270.0	0.6214	124.27	1
566	7270.0	0.6214	124.27	1
567	6490.0	0.5547	110.94	1
568	6660.0	0.5692	113.85	1
569	6490.0	0.5547	110.94	0
570	6710.0	0.5735	114.7	0
571	6240.0	0.5333	106.67	0
572	6190.0	0.5291	105.81	0
573	6690.0	0.5718	114.36	0
574	6190.0	0.5291	105.81	0
575	6910.0	0.5906	118.12	0
576	6640.0	0.5675	113.5	0
577	6440.0	0.5504	110.09	0
578	6490.0	0.5547	110.94	0
579	7610.0	0.6504	130.09	0
580	7190.0	0.6145	122.91	0
581	7740.0	0.6615	132.31	0
582	7590.0	0.6487	129.74	0
583	6790.0	0.5803	116.07	0
584	7170.0	0.6128	122.56	0
585	6310.0	0.5393	107.86	0
586	6560.0	0.5607	112.14	0
587	5900.0	0.5043	100.85	0
588	6510.0	0.5564	111.28	0
589	5310.0	0.4538	90.77	0
590	4910.0	0.4197	83.93	0
591	6020.0	0.5145	102.91	0
592	5780.0	0.494	98.8	1
593	4790.0	0.4094	81.88	1
594	5220.0	0.4462	89.23	1
595	4200.0	0.359	71.79	1
596	4580.0	0.3915	78.29	1
597	3700.0	0.3162	63.25	1
598	3910.0	0.3342	66.84	1
599	3280.0	0.2803	56.07	0
600	3460.0	0.2957	59.15	0
601	2930.0	0.2504	50.09	0
602	3090.0	0.2641	52.82	0
603	2900.0	0.2479	49.57	0
604	3070.0	0.2624	52.48	0
605	2880.0	0.2462	49.23	0
606	2860.0	0.2444	48.89	0
607	2980.0	0.2547	50.94	0
608	2810.0	0.2402	48.03	0
609	2960.0	0.253	50.6	0
610	3070.0	0.2624	52.48	0
611	2830.0	0.2419	48.38	0
612	2780.0	0.2376	47.52	0
613	4100.0	0.3504	70.09	0
614	4550.0	0.3889	77.78	0
615	3590.0	0.3068	61.37	0
616	3760.0	0.3214	64.27	0
617	4100.0	0.3504	70.09	0
618	3800.0	0.3248	64.96	0
619	4350.0	0.3718	74.36	0
620	4160.0	0.3556	71.11	0
621	3430.0	0.2932	58.63	0
622	3430.0	0.2932	58.63	0
623	3650.0	0.312	62.39	0
624	3650.0	0.312	62.39	0
625	3300.0	0.2821	56.41	0
626	4080.0	0.3487	69.74	0
627	3430.0	0.2932	58.63	0
628	3350.0	0.2863	57.26	0
629	3760.0	0.3214	64.27	0
630	3540.0	0.3026	60.51	0
631	2980.0	0.2547	50.94	0
632	2900.0	0.2479	49.57	0
633	3210.0	0.2744	54.87	0
634	3030.0	0.259	51.79	0
635	2390.0	0.2043	40.85	0
636	2480.0	0.212	42.39	0
637	1970.0	0.1684	33.68	0
638	1990.0	0.1701	34.02	0
639	2050.0	0.1752	35.04	0
640	2090.0	0.1786	35.73	0
641	1910.0	0.1632	32.65	0
642	2030.0	0.1735	34.7	0
643	1880.0	0.1607	32.14	0
644	1810.0	0.1547	30.94	0
645	2080.0	0.1778	35.56	0
646	1990.0	0.1701	34.02	0
647	1880.0	0.1607	32.14	0
648	1890.0	0.1615	32.31	0
649	1990.0	0.1701	34.02	0
650	1910.0	0.1632	32.65	0
651	1990.0	0.1701	34.02	0
652	1990.0	0.1701	34.02	0
653	1880.0	0.1607	32.14	0
654	1890.0	0.1615	32.31	0
655	2350.0	0.2009	40.17	0
656	1890.0	0.1615	32.31	0
657	2080.0	0.1778	35.56	0
658	1850.0	0.1581	31.62	0
659	2280.0	0.1949	38.97	0
660	1970.0	0.1684	33.68	0
661	1420.0	0.1214	24.27	0
662	1440.0	0.1231	24.62	0
663	1020.0	0.0872	17.44	0
664	986.0	0.0843	16.85	0
665	1050.0	0.0897	17.95	0
666	1060.0	0.0906	18.12	0
667	1010.0	0.0863	17.26	0
668	1010.0	0.0863	17.26	0
669	1060.0	0.0906	18.12	0
670	1010.0	0.0863	17.26	0
671	1060.0	0.0906	18.12	0
672	1050.0	0.0897	17.95	0
673	1010.0	0.0863	17.26	0
674	1060.0	0.0906	18.12	0
675	1010.0	0.0863	17.26	0
676	1070.0	0.0915	18.29	0
677	998.0	0.0853	17.06	0
678	986.0	0.0843	16.85	0
679	1620.0	0.1385	27.69	0
680	1480.0	0.1265	25.3	0
681	1940.0	0.1658	33.16	0
682	1940.0	0.1658	33.16	0
683	1890.0	0.1615	32.31	0
684	1940.0	0.1658	33.16	0
685	1880.0	0.1607	32.14	0
686	1940.0	0.1658	33.16	0
687	1890.0	0.1615	32.31	0
688	1890.0	0.1615	32.31	0
689	2540.0	0.2171	43.42	0
690	2620.0	0.2239	44.79	0
691	2330.0	0.1991	39.83	0
692	2330.0	0.1991	39.83	0
693	3020.0	0.2581	51.62	0
694	2860.0	0.2444	48.89	0
695	4180.0	0.3573	71.45	0
696	4200.0	0.359	71.79	0
697	3810.0	0.3256	65.13	0
698	4140.0	0.3538	70.77	0
699	3760.0	0.3214	64.27	0
700	3870.0	0.3308	66.15	0
701	3970.0	0.3393	67.86	0
702	3990.0	0.341	68.21	0
703	3850.0	0.3291	65.81	0
704	4020.0	0.3436	68.72	0
705	3830.0	0.3274	65.47	0
706	4020.0	0.3436	68.72	0
707	3850.0	0.3291	65.81	0
708	4020.0	0.3436	68.72	0
709	3870.0	0.3308	66.15	0
710	4020.0	0.3436	68.72	0
711	3740.0	0.3197	63.93	0
712	3780.0	0.3231	64.62	0
713	4450.0	0.3803	76.07	0
714	3780.0	0.3231	64.62	0
715	4040.0	0.3453	69.06	0
716	4060.0	0.347	69.4	0
717	3930.0	0.3359	67.18	0
718	3950.0	0.3376	67.52	0
719	4040.0	0.3453	69.06	0