# river=cottonwood scale_factor=5000.0 threshold=1680.197
frame	cfs	norm	scaled	high_variation
0	111.9	0.0037	0.75	0
1	113.6	0.0038	0.76	0
2	111.7	0.0037	0.74	0
3	112.9	0.0038	0.75	0
4	116.0	0.0039	0.77	0
5	111.3	0.0037	0.74	0
6	114.6	0.0038	0.76	0
7	114.0	0.0038	0.76	0
8	108.9	0.0036	0.73	0
9	108.5	0.0036	0.72	0
10	114.7	0.0038	0.76	0
11	110.7	0.0037	0.74	0
12	112.7	0.0038	0.75	0
13	106.7	0.0036	0.71	0
14	105.9	0.0035	0.71	0
15	101.0	0.0034	0.67	0
16	100.6	0.0034	0.67	0
17	97.3	0.0032	0.65	0
18	102.6	0.0034	0.68	0
19	99.4	0.0033	0.66	0
20	101.4	0.0034	0.68	0
21	93.6	0.0031	0.62	0
22	96.6	0.0032	0.64	0
23	90.0	0.003	0.6	0
24	88.3	0.0029	0.59	0
25	82.7	0.0028	0.55	0
26	95.7	0.0032	0.64	0
27	84.1	0.0028	0.56	0
28	78.1	0.0026	0.52	0
29	75.6	0.0025	0.5	0
30	81.5	0.0027	0.54	0
31	78.8	0.0026	0.53	0
32	80.9	0.0027	0.54	0
33	81.8	0.0027	0.55	0
34	84.7	0.0028	0.56	0
35	81.3	0.0027	0.54	0
36	80.6	0.0027	0.54	0
37	79.2	0.0026	0.53	0
38	77.6	0.0026	0.52	0
39	74.6	0.0025	0.5	0
40	74.3	0.0025	0.5	0
41	77.1	0.0026	0.51	0
42	78.2	0.0026	0.52	0
43	81.1	0.0027	0.54	0
44	77.4	0.0026	0.52	0
45	73.1	0.0024	0.49	0
46	77.9	0.0026	0.52	0
47	79.1	0.0026	0.53	0
48	83.7	0.0028	0.56	0
49	84.1	0.0028	0.56	0
50	85.0	0.0028	0.57	0
51	90.5	0.003	0.6	0
52	85.1	0.0028	0.57	0
53	83.5	0.0028	0.56	0
54	79.4	0.0026	0.53	0
55	78.9	0.0026	0.53	0
56	77.3	0.0026	0.52	0
57	79.2	0.0026	0.53	0
58	80.5	0.0027	0.54	0
59	81.7	0.0027	0.54	0
60	78.6	0.0026	0.52	0
61	79.8	0.0027	0.53	0
62	78.3	0.0026	0.52	0
63	79.4	0.0026	0.53	0
64	78.1	0.0026	0.52	0
65	78.6	0.0026	0.52	0
66	78.3	0.0026	0.52	0
67	79.5	0.0026	0.53	0
68	82.7	0.0028	0.55	0
69	80.6	0.0027	0.54	0
70	79.9	0.0027	0.53	0
71	83.2	0.0028	0.55	0
72	78.2	0.0026	0.52	0
73	81.4	0.0027	0.54	0
74	79.1	0.0026	0.53	0
75	77.5	0.0026	0.52	0
76	71.1	0.0024	0.47	0
77	76.1	0.0025	0.51	0
78	72.5	0.0024	0.48	0
79	77.5	0.0026	0.52	0
80	87.0	0.0029	0.58	0
81	74.5	0.0025	0.5	0
82	66.4	0.0022	0.44	0
83	66.5	0.0022	0.44	0
84	67.2	0.0022	0.45	0
85	65.6	0.0022	0.44	0
86	66.8	0.0022	0.45	0
87	71.0	0.0024	0.47	0
88	59.2	0.002	0.39	0
89	57.7	0.0019	0.38	0
90	56.0	0.0019	0.37	0
91	61.9	0.0021	0.41	0
92	66.8	0.0022	0.45	0
93	64.3	0.0021	0.43	0
94	62.6	0.0021	0.42	0
95	64.3	0.0021	0.43	0
96	68.6	0.0023	0.46	0
97	66.7	0.0022	0.44	0
98	71.5	0.0024	0.48	0
99	72.1	0.0024	0.48	0
100	70.6	0.0024	0.47	0
101	65.7	0.0022	0.44	0
102	67.1	0.0022	0.45	0
103	58.6	0.002	0.39	0
104	55.8	0.0019	0.37	0
105	56.7	0.0019	0.38	0
106	53.5	0.0018	0.36	0
107	54.8	0.0018	0.37	0
108	64.5	0.0021	0.43	0
109	62.7	0.0021	0.42	0
110	53.4	0.0018	0.36	0
111	57.5	0.0019	0.38	0
112	62.5	0.0021	0.42	0
113	63.0	0.0021	0.42	0
114	60.7	0.002	0.4	0
115	60.9	0.002	0.41	0
116	63.2	0.0021	0.42	0
117	58.0	0.0019	0.39	0
118	59.0	0.002	0.39	0
119	60.3	0.002	0.4	0
120	60.3	0.002	0.4	0
121	59.5	0.002	0.4	0
122	60.3	0.002	0.4	0
123	57.5	0.0019	0.38	0
124	56.0	0.0019	0.37	0
125	56.1	0.0019	0.37	0
126	61.6	0.0021	0.41	0
127	59.0	0.002	0.39	0
128	61.7	0.0021	0.41	0
129	55.2	0.0018	0.37	0
130	57.0	0.0019	0.38	0
131	59.3	0.002	0.4	0
132	64.9	0.0022	0.43	0
133	65.6	0.0022	0.44	0
134	63.2	0.0021	0.42	0
135	64.9	0.0022	0.43	0
136	69.6	0.0023	0.46	0
137	71.9	0.0024	0.48	0
138	78.2	0.0026	0.52	0
139	82.9	0.0028	0.55	0
140	81.8	0.0027	0.55	0
141	80.0	0.0027	0.53	0
142	88.1	0.0029	0.59	0
143	97.0	0.0032	0.65	0
144	88.4	0.0029	0.59	0
145	87.4	0.0029	0.58	0
146	84.0	0.0028	0.56	0
147	82.5	0.0028	0.55	0
148	75.2	0.0025	0.5	0
149	73.7	0.0025	0.49	0
150	67.7	0.0023	0.45	0
151	70.7	0.0024	0.47	0
152	66.3	0.0022	0.44	0
153	74.3	0.0025	0.5	0
154	73.1	0.0024	0.49	0
155	75.0	0.0025	0.5	0
156	66.6	0.0022	0.44	0
157	69.6	0.0023	0.46	0
158	71.2	0.0024	0.47	0
159	79.7	0.0027	0.53	0
160	78.9	0.0026	0.53	0
161	80.2	0.0027	0.53	0
162	80.6	0.0027	0.54	0
163	82.1	0.0027	0.55	0
164	74.3	0.0025	0.5	0
165	73.7	0.0025	0.49	0
166	73.0	0.0024	0.49	0
167	73.7	0.0025	0.49	0
168	72.3	0.0024	0.48	0
169	67.2	0.0022	0.45	0
170	66.4	0.0022	0.44	0
171	61.1	0.002	0.41	0
172	63.0	0.0021	0.42	0
173	57.5	0.0019	0.38	0
174	56.7	0.0019	0.38	0
175	55.8	0.0019	0.37	0
176	53.6	0.0018	0.36	0
177	57.6	0.0019	0.38	0
178	62.6	0.0021	0.42	0
179	71.7	0.0024	0.48	0
180	77.2	0.0026	0.51	0
181	92.1	0.0031	0.61	0
182	118.3	0.0039	0.79	0
183	125.1	0.0042	0.83	0
184	133.8	0.0045	0.89	0
185	124.7	0.0042	0.83	0
186	116.5	0.0039	0.78	0
187	99.5	0.0033	0.66	0
188	94.0	0.0031	0.63	0
189	87.9	0.0029	0.59	0
190	84.9	0.0028	0.57	0
191	80.8	0.0027	0.54	0
192	80.5	0.0027	0.54	0
193	79.6	0.0027	0.53	0
194	80.6	0.0027	0.54	0
195	89.1	0.003	0.59	0
196	93.8	0.0031	0.63	0
197	90.3	0.003	0.6	0
198	93.4	0.0031	0.62	0
199	81.5	0.0027	0.54	0
200	84.5	0.0028	0.56	0
201	86.3	0.0029	0.58	0
202	88.0	0.0029	0.59	0
203	92.5	0.0031	0.62	0
204	94.1	0.0031	0.63	0
205	88.6	0.003	0.59	0
206	91.6	0.0031	0.61	0
207	99.0	0.0033	0.66	0
208	109.9	0.0037	0.73	0
209	141.0	0.0047	0.94	0
210	153.3	0.0051	1.02	0
211	142.1	0.0047	0.95	0
212	129.6	0.0043	0.86	0
213	120.8	0.004	0.81	0
214	113.5	0.0038	0.76	0
215	108.4	0.0036	0.72	0
216	103.4	0.0034	0.69	0
217	99.3	0.0033	0.66	0
218	96.5	0.0032	0.64	0
219	93.9	0.0031	0.63	0
220	90.8	0.003	0.61	0
221	90.0	0.003	0.6	0
222	87.6	0.0029	0.58	0
223	86.4	0.0029	0.58	0
224	84.7	0.0028	0.56	0
225	85.3	0.0028	0.57	0
226	84.2	0.0028	0.56	0
227	84.7	0.0028	0.56	0
228	87.5	0.0029	0.58	0
229	95.1	0.0032	0.63	0
230	95.4	0.0032	0.64	0
231	110.7	0.0037	0.74	0
232	123.9	0.0041	0.83	0
233	142.6	0.0048	0.95	0
234	157.8	0.0053	1.05	0
235	156.8	0.0052	1.05	0
236	141.0	0.0047	0.94	0
237	128.8	0.0043	0.86	0
238	119.4	0.004	0.8	0
239	113.4	0.0038	0.76	0
240	108.5	0.0036	0.72	0
241	106.6	0.0036	0.71	0
242	103.2	0.0034	0.69	0
243	108.3	0.0036	0.72	0
244	103.7	0.0035	0.69	0
245	102.9	0.0034	0.69	0
246	98.3	0.0033	0.66	0
247	97.7	0.0033	0.65	0
248	101.6	0.0034	0.68	0
249	117.0	0.0039	0.78	0
250	149.2	0.005	0.99	0
251	273.4	0.0091	1.82	0
252	506.0	0.0169	3.37	0
253	483.0	0.0161	3.22	0
254	393.8	0.0131	2.63	0
255	353.5	0.0118	2.36	0
256	321.8	0.0107	2.15	0
257	290.3	0.0097	1.94	0
258	259.7	0.0087	1.73	0
259	235.8	0.0079	1.57	0
260	216.2	0.0072	1.44	0
261	200.6	0.0067	1.34	0
262	188.2	0.0063	1.25	0
263	178.9	0.006	1.19	0
264	169.6	0.0057	1.13	0
265	166.8	0.0056	1.11	0
266	234.6	0.0078	1.56	0
267	523.3	0.0174	3.49	0
268	833.3	0.0278	5.56	0
269	653.0	0.0218	4.35	0
270	522.1	0.0174	3.48	0
271	445.3	0.0148	2.97	0
272	400.7	0.0134	2.67	0
273	550.9	0.0184	3.67	0
274	2201.2	0.0734	14.67	0
275	1641.0	0.0547	10.94	0
276	1241.8	0.0414	8.28	0
277	970.1	0.0323	6.47	0
278	810.0	0.027	5.4	0
279	730.3	0.0243	4.87	0
280	728.8	0.0243	4.86	0
281	678.3	0.0226	4.52	0
282	614.0	0.0205	4.09	0
283	559.9	0.0187	3.73	0
284	518.8	0.0173	3.46	0
285	482.4	0.0161	3.22	0
286	454.9	0.0152	3.03	0
287	428.1	0.0143	2.85	0
288	406.9	0.0136	2.71	0
289	385.3	0.0128	2.57	0
290	368.3	0.0123	2.46	0
291	352.2	0.0117	2.35	0
292	338.2	0.0113	2.25	0
293	324.8	0.0108	2.17	0
294	313.6	0.0105	2.09	0
295	304.1	0.0101	2.03	0
296	295.0	0.0098	1.97	0
297	288.0	0.0096	1.92	0
298	280.2	0.0093	1.87	0
299	273.4	0.0091	1.82	0
300	267.1	0.0089	1.78	0
301	262.0	0.0087	1.75	0
302	255.7	0.0085	1.7	0
303	249.7	0.0083	1.66	0
304	246.4	0.0082	1.64	0
305	313.5	0.0104	2.09	0
306	337.6	0.0113	2.25	0
307	336.3	0.0112	2.24	0
308	332.5	0.0111	2.22	0
309	328.0	0.0109	2.19	0
310	318.4	0.0106	2.12	0
311	250.1	0.0083	1.67	0
312	232.7	0.0078	1.55	0
313	226.8	0.0076	1.51	0
314	222.8	0.0074	1.49	0
315	207.5	0.0069	1.38	0
316	196.6	0.0066	1.31	0
317	190.4	0.0063	1.27	0
318	185.7	0.0062	1.24	0
319	183.7	0.0061	1.22	0
320	182.0	0.0061	1.21	0
321	179.3	0.006	1.2	0
322	177.4	0.0059	1.18	0
323	175.2	0.0058	1.17	0
324	173.1	0.0058	1.15	0
325	171.2	0.0057	1.14	0
326	169.6	0.0057	1.13	0
327	167.3	0.0056	1.12	0
328	165.8	0.0055	1.11	0
329	164.4	0.0055	1.1	0
330	166.0	0.0055	1.11	0
331	192.5	0.0064	1.28	0
332	528.4	0.0176	3.52	0
333	1296.1	0.0432	8.64	0
334	1260.8	0.042	8.41	0
335	877.1	0.0292	5.85	0
336	750.9	0.025	5.01	0
337	2281.9	0.0761	15.21	0
338	2674.7	0.0892	17.83	0
339	1984.2	0.0661	13.23	0
340	3288.6	0.1096	21.92	0
341	12564.1	0.4188	83.76	0
342	12301.0	0.41	82.01	0
343	5732.9	0.1911	38.22	1
344	4559.0	0.152	30.39	1
345	4205.1	0.1402	28.03	1
346	13634.1	0.4545	90.89	1
347	8236.1	0.2745	54.91	1
348	9989.6	0.333	66.6	1
349	7646.0	0.2549	50.97	1
350	7164.9	0.2388	47.77	1
351	12704.7	0.4235	84.7	1
352	6491.8	0.2164	43.28	1
353	4538.8	0.1513	30.26	1
354	3672.0	0.1224	24.48	1
355	3170.0	0.1057	21.13	1
356	2787.6	0.0929	18.58	1
357	2440.8	0.0814	16.27	1
358	2183.1	0.0728	14.55	1
359	2022.0	0.0674	13.48	0
360	1901.0	0.0634	12.67	0
361	1885.3	0.0628	12.57	0
362	2419.8	0.0807	16.13	0
363	3247.8	0.1083	21.65	0
364	4177.6	0.1393	27.85	0
365	7018.4	0.2339	46.79	0
366	6264.5	0.2088	41.76	0
367	6082.2	0.2027	40.55	0
368	6909.8	0.2303	46.07	0
369	6460.8	0.2154	43.07	0
370	12925.3	0.4308	86.17	0
371	13330.6	0.4444	88.87	0
372	7386.9	0.2462	49.25	1
373	5373.3	0.1791	35.82	1
374	4489.2	0.1496	29.93	1
375	4060.2	0.1353	27.07	1
376	3641.0	0.1214	24.27	1
377	3311.8	0.1104	22.08	1
378	3033.7	0.1011	20.22	1
379	2719.4	0.0906	18.13	1
380	2417.3	0.0806	16.12	0
381	2206.5	0.0736	14.71	0
382	2074.1	0.0691	13.83	0
383	1926.1	0.0642	12.84	0
384	1811.6	0.0604	12.08	0
385	1709.4	0.057	11.4	0
386	1617.1	0.0539	10.78	0
387	1539.0	0.0513	10.26	0
388	1482.0	0.0494	9.88	0
389	1424.8	0.0475	9.5	0
390	1310.6	0.0437	8.74	0
391	1198.6	0.04	7.99	0
392	1141.2	0.038	7.61	0
393	1102.9	0.0368	7.35	0
394	1119.0	0.0373	7.46	0
395	1099.6	0.0367	7.33	0
396	1049.2	0.035	6.99	0
397	1012.4	0.0337	6.75	0
398	978.0	0.0326	6.52	0
399	941.9	0.0314	6.28	0
400	909.9	0.0303	6.07	0
401	882.4	0.0294	5.88	0
402	855.2	0.0285	5.7	0
403	835.2	0.0278	5.57	0
404	805.4	0.0268	5.37	0
405	784.9	0.0262	5.23	0
406	762.5	0.0254	5.08	0
407	745.0	0.0248	4.97	0
408	726.9	0.0242	4.85	0
409	709.3	0.0236	4.73	0
410	688.8	0.023	4.59	0
411	674.9	0.0225	4.5	0
412	659.6	0.022	4.4	0
413	648.8	0.0216	4.33	0
414	635.0	0.0212	4.23	0
415	630.0	0.021	4.2	0
416	627.1	0.0209	4.18	0
417	627.0	0.0209	4.18	0
418	605.7	0.0202	4.04	0
419	595.7	0.0199	3.97	0
420	581.0	0.0194	3.87	0
421	572.0	0.0191	3.81	0
422	543.6	0.0181	3.62	0
423	532.8	0.0178	3.55	0
424	524.1	0.0175	3.49	0
425	515.2	0.0172	3.43	0
426	504.3	0.0168	3.36	0
427	497.1	0.0166	3.31	0
428	486.4	0.0162	3.24	0
429	470.6	0.0157	3.14	0
430	462.1	0.0154	3.08	0
431	462.8	0.0154	3.09	0
432	456.4	0.0152	3.04	0
433	451.0	0.015	3.01	0
434	445.5	0.0148	2.97	0
435	438.2	0.0146	2.92	0
436	432.2	0.0144	2.88	0
437	427.7	0.0143	2.85	0
438	426.7	0.0142	2.84	0
439	433.8	0.0145	2.89	0
440	453.2	0.0151	3.02	0
441	445.2	0.0148	2.97	0
442	433.9	0.0145	2.89	0
443	471.6	0.0157	3.14	0
444	2185.2	0.0728	14.57	0
445	2263.9	0.0755	15.09	0
446	1532.7	0.0511	10.22	0
447	1100.9	0.0367	7.34	0
448	898.5	0.03	5.99	0
449	787.4	0.0262	5.25	0
450	725.4	0.0242	4.84	0
451	686.7	0.0229	4.58	0
452	958.8	0.032	6.39	0
453	6071.8	0.2024	40.48	0
454	3449.8	0.115	23.0	0
455	2615.7	0.0872	17.44	0
456	2764.7	0.0922	18.43	0
457	2252.7	0.0751	15.02	0
458	1862.9	0.0621	12.42	0
459	2319.8	0.0773	15.47	0
460	2779.0	0.0926	18.53	0
461	1969.0	0.0656	13.13	0
462	1661.2	0.0554	11.07	0
463	1491.8	0.0497	9.95	0
464	1360.6	0.0454	9.07	0
465	1280.0	0.0427	8.53	0
466	1306.9	0.0436	8.71	0
467	1434.7	0.0478	9.56	0
468	1656.5	0.0552	11.04	0
469	10631.6	0.3544	70.88	0
470	26283.7	0.8761	175.22	1
471	17038.8	0.568	113.59	1
472	9617.1	0.3206	64.11	1
473	6577.1	0.2192	43.85	1
474	5081.6	0.1694	33.88	1
475	4340.6	0.1447	28.94	1
476	3889.8	0.1297	25.93	1
477	3551.0	0.1184	23.67	1
478	3635.5	0.1212	24.24	1
479	3192.2	0.1064	21.28	1
480	3255.3	0.1085	21.7	1
481	2795.9	0.0932	18.64	0
482	2605.3	0.0868	17.37	0
483	2457.6	0.0819	16.38	0
484	2314.0	0.0771	15.43	0
485	2193.1	0.0731	14.62	0
486	2069.4	0.069	13.8	0
487	1978.2	0.0659	13.19	0
488	1851.8	0.0617	12.35	0
489	1765.4	0.0588	11.77	0
490	1649.2	0.055	10.99	0
491	1578.0	0.0526	10.52	0
492	1497.8	0.0499	9.99	0
493	1444.1	0.0481	9.63	0
494	1376.2	0.0459	9.17	0
495	1326.5	0.0442	8.84	0
496	1256.9	0.0419	8.38	0
497	1212.0	0.0404	8.08	0
498	1157.8	0.0386	7.72	0
499	1122.4	0.0374	7.48	0
500	1054.3	0.0351	7.03	0
501	1018.2	0.0339	6.79	0
502	985.8	0.0329	6.57	0
503	960.4	0.032	6.4	0
504	930.1	0.031	6.2	0
505	907.0	0.0302	6.05	0
506	880.8	0.0294	5.87	0
507	863.2	0.0288	5.75	0
508	840.5	0.028	5.6	0
509	825.8	0.0275	5.51	0
510	806.1	0.0269	5.37	0
511	789.3	0.0263	5.26	0
512	773.0	0.0258	5.15	0
513	761.0	0.0254	5.07	0
514	744.0	0.0248	4.96	0
515	724.4	0.0241	4.83	0
516	702.3	0.0234	4.68	0
517	688.3	0.0229	4.59	0
518	669.6	0.0223	4.46	0
519	651.2	0.0217	4.34	0
520	638.2	0.0213	4.25	0
521	634.2	0.0211	4.23	0
522	621.8	0.0207	4.15	0
523	606.2	0.0202	4.04	0
524	595.2	0.0198	3.97	0
525	580.3	0.0193	3.87	0
526	565.4	0.0188	3.77	0
527	553.3	0.0184	3.69	0
528	536.6	0.0179	3.58	0
529	525.6	0.0175	3.5	0
530	517.6	0.0173	3.45	0
531	509.0	0.017	3.39	0
532	500.5	0.0167	3.34	0
533	486.2	0.0162	3.24	0
534	479.7	0.016	3.2	0
535	471.9	0.0157	3.15	0
536	465.4	0.0155	3.1	0
537	453.5	0.0151	3.02	0
538	459.3	0.0153	3.06	0
539	469.5	0.0156	3.13	0
540	469.9	0.0157	3.13	0
541	462.2	0.0154	3.08	0
542	474.6	0.0158	3.16	0
543	454.7	0.0152	3.03	0
544	437.2	0.0146	2.91	0
545	425.2	0.0142	2.83	0
546	416.5	0.0139	2.78	0
547	407.0	0.0136	2.71	0
548	401.5	0.0134	2.68	0
549	392.6	0.0131	2.62	0
550	386.8	0.0129	2.58	0
551	394.4	0.0131	2.63	0
552	379.7	0.0127	2.53	0
553	375.2	0.0125	2.5	0
554	381.9	0.0127	2.55	0
555	403.7	0.0135	2.69	0
556	412.0	0.0137	2.75	0
557	489.8	0.0163	3.27	0
558	492.2	0.0164	3.28	0
559	526.2	0.0175	3.51	0
560	541.7	0.0181	3.61	0
561	804.6	0.0268	5.36	0
562	887.0	0.0296	5.91	0
563	780.1	0.026	5.2	0
564	676.3	0.0225	4.51	0
565	636.2	0.0212	4.24	0
566	628.7	0.021	4.19	0
567	594.3	0.0198	3.96	0
568	570.6	0.019	3.8	0
569	548.1	0.0183	3.65	0
570	532.2	0.0177	3.55	0
571	511.3	0.017	3.41	0
572	496.1	0.0165	3.31	0
573	487.9	0.0163	3.25	0
574	477.3	0.0159	3.18	0
575	462.5	0.0154	3.08	0
576	469.0	0.0156	3.13	0
577	544.0	0.0181	3.63	0
578	783.7	0.0261	5.22	0
579	1094.5	0.0365	7.3	0
580	1156.3	0.0385	7.71	0
581	938.0	0.0313	6.25	0
582	858.0	0.0286	5.72	0
583	811.2	0.027	5.41	0
584	770.0	0.0257	5.13	0
585	733.7	0.0245	4.89	0
586	712.7	0.0238	4.75	0
587	692.6	0.0231	4.62	0
588	686.8	0.0229	4.58	0
589	713.2	0.0238	4.75	0
590	731.1	0.0244	4.87	0
591	728.2	0.0243	4.85	0
592	732.0	0.0244	4.88	0
593	684.1	0.0228	4.56	0
594	622.9	0.0208	4.15	0
595	601.2	0.02	4.01	0
596	566.2	0.0189	3.77	0
597	545.9	0.0182	3.64	0
598	531.5	0.0177	3.54	0
599	513.4	0.0171	3.42	0
600	500.6	0.0167	3.34	0
601	486.8	0.0162	3.25	0
602	473.4	0.0158	3.16	0
603	466.6	0.0156	3.11	0
604	461.1	0.0154	3.07	0
605	468.2	0.0156	3.12	0
606	464.8	0.0155	3.1	0
607	467.3	0.0156	3.12	0
608	463.6	0.0155	3.09	0
609	454.6	0.0152	3.03	0
610	439.7	0.0147	2.93	0
611	432.7	0.0144	2.88	0
612	422.6	0.0141	2.82	0
613	412.1	0.0137	2.75	0
614	397.1	0.0132	2.65	0
615	388.1	0.0129	2.59	0
616	380.9	0.0127	2.54	0
617	376.4	0.0125	2.51	0
618	365.6	0.0122	2.44	0
619	364.4	0.0121	2.43	0
620	348.8	0.0116	2.33	0
621	358.7	0.012	2.39	0
622	353.7	0.0118	2.36	0
623	348.4	0.0116	2.32	0
624	336.8	0.0112	2.25	0
625	324.5	0.0108	2.16	0
626	310.3	0.0103	2.07	0
627	306.5	0.0102	2.04	0
628	292.0	0.0097	1.95	0
629	285.7	0.0095	1.9	0
630	280.2	0.0093	1.87	0
631	283.6	0.0095	1.89	0
632	281.5	0.0094	1.88	0
633	279.1	0.0093	1.86	0
634	272.5	0.0091	1.82	0
635	273.3	0.0091	1.82	0
636	263.5	0.0088	1.76	0
637	261.4	0.0087	1.74	0
638	263.4	0.0088	1.76	0
639	269.6	0.009	1.8	0
640	255.7	0.0085	1.7	0
641	255.5	0.0085	1.7	0
642	247.3	0.0082	1.65	0
643	247.1	0.0082	1.65	0
644	248.7	0.0083	1.66	0
645	249.3	0.0083	1.66	0
646	248.2	0.0083	1.65	0
647	251.2	0.0084	1.67	0
648	241.4	0.008	1.61	0
649	239.2	0.008	1.59	0
650	230.4	0.0077	1.54	0
651	244.9	0.0082	1.63	0
652	286.4	0.0095	1.91	0
653	329.9	0.011	2.2	0
654	354.7	0.0118	2.36	0
655	362.9	0.0121	2.42	0
656	346.1	0.0115	2.31	0
657	326.7	0.0109	2.18	0
658	313.2	0.0104	2.09	0
659	299.4	0.01	2.0	0
660	281.7	0.0094	1.88	0
661	260.0	0.0087	1.73	0
662	247.3	0.0082	1.65	0
663	236.5	0.0079	1.58	0
664	237.5	0.0079	1.58	0
665	223.9	0.0075	1.49	0
666	217.5	0.0073	1.45	0
667	214.6	0.0072	1.43	0
668	211.2	0.007	1.41	0
669	209.3	0.007	1.4	0
670	201.8	0.0067	1.35	0
671	197.1	0.0066	1.31	0
672	199.8	0.0067	1.33	0
673	193.1	0.0064	1.29	0
674	197.3	0.0066	1.32	0
675	205.0	0.0068	1.37	0
676	214.0	0.0071	1.43	0
677	214.7	0.0072	1.43	0
678	202.6	0.0068	1.35	0
679	189.4	0.0063	1.26	0
680	181.0	0.006	1.21	0
681	178.6	0.006	1.19	0
682	178.2	0.0059	1.19	0
683	174.7	0.0058	1.16	0
684	166.4	0.0055	1.11	0
685	161.7	0.0054	1.08	0
686	156.1	0.0052	1.04	0
687	154.1	0.0051	1.03	0
688	143.2	0.0048	0.95	0
689	137.8	0.0046	0.92	0
690	134.0	0.0045	0.89	0
691	129.7	0.0043	0.86	0
692	127.4	0.0042	0.85	0
693	136.2	0.0045	0.91	0
694	127.1	0.0042	0.85	0
695	132.6	0.0044	0.88	0
696	132.8	0.0044	0.89	0
697	144.9	0.0048	0.97	0
698	141.1	0.0047	0.94	0
699	141.0	0.0047	0.94	0
700	137.5	0.0046	0.92	0
701	135.6	0.0045	0.9	0
702	126.6	0.0042	0.84	0
703	127.2	0.0042	0.85	0
704	120.7	0.004	0.8	0
705	121.1	0.004	0.81	0
706	109.7	0.0037	0.73	0
707	107.3	0.0036	0.72	0
708	102.1	0.0034	0.68	0
709	103.8	0.0035	0.69	0
710	103.3	0.0034	0.69	0
711	105.4	0.0035	0.7	0
712	107.1	0.0036	0.71	0
713	109.6	0.0037	0.73	0
714	111.0	0.0037	0.74	0
715	110.7	0.0037	0.74	0
716	110.5	0.0037	0.74	0
717	106.6	0.0036	0.71	0
718	107.2	0.0036	0.71	0
719	102.7	0.0034	0.68	0