# river=feather scale_factor=10000.0 threshold=358.900
frame	cfs	norm	scaled	high_variation
0	6500.0	0.65	130.0	0
1	6500.0	0.65	130.0	0
2	5590.0	0.559	111.8	0
3	5590.0	0.559	111.8	0
4	2060.0	0.206	41.2	1
5	2060.0	0.206	41.2	1
6	6520.0	0.652	130.4	1
7	6520.0	0.652	130.4	1
8	6510.0	0.651	130.2	1
9	6510.0	0.651	130.2	1
10	6500.0	0.65	130.0	1
11	6500.0	0.65	130.0	1
12	6500.0	0.65	130.0	1
13	6500.0	0.65	130.0	1
14	6500.0	0.65	130.0	1
15	6500.0	0.65	130.0	1
16	6510.0	0.651	130.2	0
17	6510.0	0.651	130.2	0
18	6500.0	0.65	130.0	0
19	6500.0	0.65	130.0	0
20	6500.0	0.65	130.0	0
21	6500.0	0.65	130.0	0
22	6500.0	0.65	130.0	0
23	6500.0	0.65	130.0	0
24	6500.0	0.65	130.0	0
25	6500.0	0.65	130.0	0
26	6500.0	0.65	130.0	0
27	6500.0	0.65	130.0	0
28	6500.0	0.65	130.0	0
29	6500.0	0.65	130.0	0
30	6500.0	0.65	130.0	0
31	6500.0	0.65	130.0	0
32	6500.0	0.65	130.0	0
33	6500.0	0.65	130.0	0
34	6430.0	0.643	128.6	0
35	6430.0	0.643	128.6	0
36	6500.0	0.65	130.0	0
37	6500.0	0.65	130.0	0
38	6510.0	0.651	130.2	0
39	6510.0	0.651	130.2	0
40	6510.0	0.651	130.2	0
41	6510.0	0.651	130.2	0
42	6490.0	0.649	129.8	0
43	6490.0	0.649	129.8	0
44	6510.0	0.651	130.2	0
45	6510.0	0.651	130.2	0
46	6500.0	0.65	130.0	0
47	6500.0	0.65	130.0	0
48	6510.0	0.651	130.2	0
49	6510.0	0.651	130.2	0
50	6500.0	0.65	130.0	0
51	6500.0	0.65	130.0	0
52	6510.0	0.651	130.2	0
53	6510.0	0.651	130.2	0
54	6500.0	0.65	130.0	0
55	6500.0	0.65	130.0	0
56	6500.0	0.65	130.0	0
57	6500.0	0.65	130.0	0
58	6500.0	0.65	130.0	0
59	6500.0	0.65	130.0	0
60	6500.0	0.65	130.0	0
61	6500.0	0.65	130.0	0
62	6510.0	0.651	130.2	0
63	6510.0	0.651	130.2	0
64	6510.0	0.651	130.2	0
65	6510.0	0.651	130.2	0
66	6510.0	0.651	130.2	0
67	6510.0	0.651	130.2	0
68	6500.0	0.65	130.0	0
69	6500.0	0.65	130.0	0
70	6500.0	0.65	130.0	0
71	6500.0	0.65	130.0	0
72	6510.0	0.651	130.2	0
73	6510.0	0.651	130.2	0
74	6500.0	0.65	130.0	0
75	6500.0	0.65	130.0	0
76	6500.0	0.65	130.0	0
77	6500.0	0.65	130.0	0
78	6500.0	0.65	130.0	0
79	6500.0	0.65	130.0	0
80	6500.0	0.65	130.0	0
81	6500.0	0.65	130.0	0
82	6500.0	0.65	130.0	0
83	6500.0	0.65	130.0	0
84	6500.0	0.65	130.0	0
85	6500.0	0.65	130.0	0
86	6510.0	0.651	130.2	0
87	6510.0	0.651	130.2	0
88	6500.0	0.65	130.0	0
89	6500.0	0.65	130.0	0
90	6510.0	0.651	130.2	0
91	6510.0	0.651	130.2	0
92	6600.0	0.66	132.0	0
93	6600.0	0.66	132.0	0
94	6700.0	0.67	134.0	0
95	6700.0	0.67	134.0	0
96	5040.0	0.504	100.8	0
97	5040.0	0.504	100.8	0
98	6700.0	0.67	134.0	0
99	6700.0	0.67	134.0	0
100	6700.0	0.67	134.0	0
101	6700.0	0.67	134.0	0
102	6380.0	0.638	127.6	1
103	6380.0	0.638	127.6	1
104	6200.0	0.62	124.0	1
105	6200.0	0.62	124.0	1
106	6290.0	0.629	125.8	0
107	6290.0	0.629	125.8	0
108	6410.0	0.641	128.2	0
109	6410.0	0.641	128.2	0
110	6400.0	0.64	128.0	0
111	6400.0	0.64	128.0	0
112	6400.0	0.64	128.0	0
113	6400.0	0.64	128.0	0
114	6400.0	0.64	128.0	0
115	6400.0	0.64	128.0	0
116	6400.0	0.64	128.0	0
117	6400.0	0.64	128.0	0
118	6400.0	0.64	128.0	0
119	6400.0	0.64	128.0	0
120	6400.0	0.64	128.0	0
121	6400.0	0.64	128.0	0
122	6400.0	0.64	128.0	0
123	6400.0	0.64	128.0	0
124	6400.0	0.64	128.0	0
125	6400.0	0.64	128.0	0
126	6780.0	0.678	135.6	0
127	6780.0	0.678	135.6	0
128	7490.0	0.749	149.8	0
129	7490.0	0.749	149.8	0
130	8090.0	0.809	161.8	0
131	8090.0	0.809	161.8	0
132	8350.0	0.835	167.0	0
133	8350.0	0.835	167.0	0
134	8350.0	0.835	167.0	0
135	8350.0	0.835	167.0	0
136	8350.0	0.835	167.0	0
137	8350.0	0.835	167.0	0
138	8350.0	0.835	167.0	0
139	8350.0	0.835	167.0	0
140	8350.0	0.835	167.0	0
141	8350.0	0.835	167.0	0
142	8340.0	0.834	166.8	0
143	8340.0	0.834	166.8	0
144	8360.0	0.836	167.2	0
145	8360.0	0.836	167.2	0
146	8350.0	0.835	167.0	0
147	8350.0	0.835	167.0	0
148	8350.0	0.835	167.0	0
149	8350.0	0.835	167.0	0
150	8350.0	0.835	167.0	0
151	8350.0	0.835	167.0	0
152	8350.0	0.835	167.0	0
153	8350.0	0.835	167.0	0
154	8350.0	0.835	167.0	0
155	8350.0	0.835	167.0	0
156	8350.0	0.835	167.0	0
157	8350.0	0.835	167.0	0
158	8350.0	0.835	167.0	0
159	8350.0	0.835	167.0	0
160	8350.0	0.835	167.0	0
161	8350.0	0.835	167.0	0
162	8350.0	0.835	167.0	0
163	8350.0	0.835	167.0	0
164	8360.0	0.836	167.2	0
165	8360.0	0.836	167.2	0
166	8270.0	0.827	165.4	0
167	8270.0	0.827	165.4	0
168	8200.0	0.82	164.0	0
169	8200.0	0.82	164.0	0
170	8190.0	0.819	163.8	0
171	8190.0	0.819	163.8	0
172	8200.0	0.82	164.0	0
173	8200.0	0.82	164.0	0
174	8200.0	0.82	164.0	0
175	8200.0	0.82	164.0	0
176	8200.0	0.82	164.0	0
177	8200.0	0.82	164.0	0
178	8200.0	0.82	164.0	0
179	8200.0	0.82	164.0	0
180	8200.0	0.82	164.0	0
181	8200.0	0.82	164.0	0
182	7050.0	0.705	141.0	0
183	7050.0	0.705	141.0	0
184	5590.0	0.559	111.8	0
185	5590.0	0.559	111.8	0
186	4600.0	0.46	92.0	1
187	4600.0	0.46	92.0	1
188	4130.0	0.413	82.6	1
189	4130.0	0.413	82.6	1
190	4200.0	0.42	84.0	1
191	4200.0	0.42	84.0	1
192	4200.0	0.42	84.0	0
193	4200.0	0.42	84.0	0
194	4200.0	0.42	84.0	0
195	4200.0	0.42	84.0	0
196	4210.0	0.421	84.2	0
197	4210.0	0.421	84.2	0
198	4200.0	0.42	84.0	0
199	4200.0	0.42	84.0	0
200	3600.0	0.36	72.0	0
201	3600.0	0.36	72.0	0
202	2590.0	0.259	51.8	0
203	2590.0	0.259	51.8	0
204	1890.0	0.189	37.8	0
205	1890.0	0.189	37.8	0
206	1660.0	0.166	33.2	0
207	1660.0	0.166	33.2	0
208	1650.0	0.165	33.0	0
209	1650.0	0.165	33.0	0
210	1650.0	0.165	33.0	0
211	1650.0	0.165	33.0	0
212	1650.0	0.165	33.0	0
213	1650.0	0.165	33.0	0
214	1650.0	0.165	33.0	0
215	1650.0	0.165	33.0	0
216	1650.0	0.165	33.0	0
217	1650.0	0.165	33.0	0
218	1660.0	0.166	33.2	0
219	1660.0	0.166	33.2	0
220	1650.0	0.165	33.0	0
221	1650.0	0.165	33.0	0
222	1650.0	0.165	33.0	0
223	1650.0	0.165	33.0	0
224	1640.0	0.164	32.8	0
225	1640.0	0.164	32.8	0
226	1650.0	0.165	33.0	0
227	1650.0	0.165	33.0	0
228	1650.0	0.165	33.0	0
229	1650.0	0.165	33.0	0
230	1650.0	0.165	33.0	0
231	1650.0	0.165	33.0	0
232	1650.0	0.165	33.0	0
233	1650.0	0.165	33.0	0
234	1660.0	0.166	33.2	0
235	1660.0	0.166	33.2	0
236	1530.0	0.153	30.6	0
237	1530.0	0.153	30.6	0
238	1330.0	0.133	26.6	0
239	1130.0	0.113	22.6	0
240	991.0	0.0991	19.82	0
241	991.0	0.0991	19.82	0
242	955.0	0.0955	19.1	0
243	955.0	0.0955	19.1	0
244	963.0	0.0963	19.26	0
245	963.0	0.0963	19.26	0
246	963.0	0.0963	19.26	0
247	963.0	0.0963	19.26	0
248	949.0	0.0949	18.98	0
249	949.0	0.0949	18.98	0
250	943.0	0.0943	18.86	0
251	943.0	0.0943	18.86	0
252	957.0	0.0957	19.14	0
253	957.0	0.0957	19.14	0
254	966.0	0.0966	19.32	0
255	966.0	0.0966	19.32	0
256	963.0	0.0963	19.26	0
257	963.0	0.0963	19.26	0
258	965.0	0.0965	19.3	0
259	965.0	0.0965	19.3	0
260	951.0	0.0951	19.02	0
261	951.0	0.0951	19.02	0
262	948.0	0.0948	18.96	0
263	948.0	0.0948	18.96	0
264	946.0	0.0946	18.92	0
265	946.0	0.0946	18.92	0
266	939.0	0.0939	18.78	0
267	939.0	0.0939	18.78	0
268	942.0	0.0942	18.84	0
269	942.0	0.0942	18.84	0
270	950.0	0.095	19.0	0
271	950.0	0.095	19.0	0
272	945.0	0.0945	18.9	0
273	945.0	0.0945	18.9	0
274	951.0	0.0951	19.02	0
275	951.0	0.0951	19.02	0
276	948.0	0.0948	18.96	0
277	948.0	0.0948	18.96	0
278	950.0	0.095	19.0	0
279	950.0	0.095	19.0	0
280	939.0	0.0939	18.78	0
281	939.0	0.0939	18.78	0
282	944.0	0.0944	18.88	0
283	944.0	0.0944	18.88	0
284	954.0	0.0954	19.08	0
285	954.0	0.0954	19.08	0
286	963.0	0.0963	19.26	0
287	963.0	0.0963	19.26	0
288	951.0	0.0951	19.02	0
289	951.0	0.0951	19.02	0
290	933.0	0.0933	18.66	0
291	933.0	0.0933	18.66	0
292	941.0	0.0941	18.82	0
293	941.0	0.0941	18.82	0
294	943.0	0.0943	18.86	0
295	943.0	0.0943	18.86	0
296	953.0	0.0953	19.06	0
297	953.0	0.0953	19.06	0
298	958.0	0.0958	19.16	0
299	958.0	0.0958	19.16	0
300	960.0	0.096	19.2	0
301	960.0	0.096	19.2	0
302	960.0	0.096	19.2	0
303	960.0	0.096	19.2	0
304	961.0	0.0961	19.22	0
305	961.0	0.0961	19.22	0
306	959.0	0.0959	19.18	0
307	959.0	0.0959	19.18	0
308	942.0	0.0942	18.84	0
309	942.0	0.0942	18.84	0
310	937.0	0.0937	18.74	0
311	937.0	0.0937	18.74	0
312	950.0	0.095	19.0	0
313	950.0	0.095	19.0	0
314	957.0	0.0957	19.14	0
315	957.0	0.0957	19.14	0
316	952.0	0.0952	19.04	0
317	952.0	0.0952	19.04	0
318	949.0	0.0949	18.98	0
319	949.0	0.0949	18.98	0
320	945.0	0.0945	18.9	0
321	945.0	0.0945	18.9	0
322	945.0	0.0945	18.9	0
323	945.0	0.0945	18.9	0
324	949.0	0.0949	18.98	0
325	949.0	0.0949	18.98	0
326	952.0	0.0952	19.04	0
327	952.0	0.0952	19.04	0
328	956.0	0.0956	19.12	0
329	956.0	0.0956	19.12	0
330	954.0	0.0954	19.08	0
331	954.0	0.0954	19.08	0
332	947.0	0.0947	18.94	0
333	947.0	0.0947	18.94	0
334	939.0	0.0939	18.78	0
335	939.0	0.0939	18.78	0
336	934.0	0.0934	18.68	0
337	934.0	0.0934	18.68	0
338	940.0	0.094	18.8	0
339	940.0	0.094	18.8	0
340	954.0	0.0954	19.08	0
341	954.0	0.0954	19.08	0
342	952.0	0.0952	19.04	0
343	952.0	0.0952	19.04	0
344	952.0	0.0952	19.04	0
345	952.0	0.0952	19.04	0
346	953.0	0.0953	19.06	0
347	953.0	0.0953	19.06	0
348	1040.0	0.104	20.8	0
349	1040.0	0.104	20.8	0
350	1100.0	0.11	22.0	0
351	1100.0	0.11	22.0	0
352	1100.0	0.11	22.0	0
353	1100.0	0.11	22.0	0
354	1100.0	0.11	22.0	0
355	1100.0	0.11	22.0	0
356	1100.0	0.11	22.0	0
357	1100.0	0.11	22.0	0
358	1100.0	0.11	22.0	0
359	1100.0	0.11	22.0	0
360	1100.0	0.11	22.0	0
361	1100.0	0.11	22.0	0
362	1100.0	0.11	22.0	0
363	1100.0	0.11	22.0	0
364	1100.0	0.11	22.0	0
365	1100.0	0.11	22.0	0
366	1090.0	0.109	21.8	0
367	1090.0	0.109	21.8	0
368	1090.0	0.109	21.8	0
369	1090.0	0.109	21.8	0
370	1090.0	0.109	21.8	0
371	1090.0	0.109	21.8	0
372	1090.0	0.109	21.8	0
373	1090.0	0.109	21.8	0
374	1100.0	0.11	22.0	0
375	1100.0	0.11	22.0	0
376	1100.0	0.11	22.0	0
377	1100.0	0.11	22.0	0
378	1100.0	0.11	22.0	0
379	1100.0	0.11	22.0	0
380	1100.0	0.11	22.0	0
381	1100.0	0.11	22.0	0
382	1100.0	0.11	22.0	0
383	1100.0	0.11	22.0	0
384	1100.0	0.11	22.0	0
385	1100.0	0.11	22.0	0
386	1100.0	0.11	22.0	0
387	1100.0	0.11	22.0	0
388	1100.0	0.11	22.0	0
389	1100.0	0.11	22.0	0
390	1100.0	0.11	22.0	0
391	1100.0	0.11	22.0	0
392	1100.0	0.11	22.0	0
393	1100.0	0.11	22.0	0
394	1100.0	0.11	22.0	0
395	1100.0	0.11	22.0	0
396	1100.0	0.11	22.0	0
397	1100.0	0.11	22.0	0
398	1100.0	0.11	22.0	0
399	1100.0	0.11	22.0	0
400	1100.0	0.11	22.0	0
401	1100.0	0.11	22.0	0
402	1100.0	0.11	22.0	0
403	1100.0	0.11	22.0	0
404	1100.0	0.11	22.0	0
405	1100.0	0.11	22.0	0
406	1100.0	0.11	22.0	0
407	1100.0	0.11	22.0	0
408	1100.0	0.11	22.0	0
409	1100.0	0.11	22.0	0
410	1100.0	0.11	22.0	0
411	1100.0	0.11	22.0	0
412	1100.0	0.11	22.0	0
413	1100.0	0.11	22.0	0
414	1100.0	0.11	22.0	0
415	1100.0	0.11	22.0	0
416	1100.0	0.11	22.0	0
417	1100.0	0.11	22.0	0
418	1100.0	0.11	22.0	0
419	1100.0	0.11	22.0	0
420	3110.0	0.311	62.2	0
421	3110.0	0.311	62.2	0
422	4690.0	0.469	93.8	1
423	4690.0	0.469	93.8	1
424	7930.0	0.793	158.6	1
425	7930.0	0.793	158.6	1
426	10000.0	1.0	200.0	1
427	10000.0	1.0	200.0	1
428	10000.0	1.0	200.0	1
429	10000.0	1.0	200.0	1
430	10000.0	1.0	200.0	1
431	10000.0	1.0	200.0	1
432	10000.0	1.0	200.0	1
433	10000.0	1.0	200.0	1
434	10000.0	1.0	200.0	0
435	10000.0	1.0	200.0	0
436	10000.0	1.0	200.0	0
437	10000.0	1.0	200.0	0
438	10000.0	1.0	200.0	0
439	10000.0	1.0	200.0	0
440	10000.0	1.0	200.0	0
441	10000.0	1.0	200.0	0
442	9980.0	0.998	199.6	0
443	9980.0	0.998	199.6	0
444	10000.0	1.0	200.0	0
445	10000.0	1.0	200.0	0
446	10000.0	1.0	200.0	0
447	10000.0	1.0	200.0	0
448	10000.0	1.0	200.0	0
449	10000.0	1.0	200.0	0
450	9970.0	0.997	199.4	0
451	9970.0	0.997	199.4	0
452	9970.0	0.997	199.4	0
453	9970.0	0.997	199.4	0
454	10000.0	1.0	200.0	0
455	10000.0	1.0	200.0	0
456	10000.0	1.0	200.0	0
457	10000.0	1.0	200.0	0
458	10000.0	1.0	200.0	0
459	10000.0	1.0	200.0	0
460	10000.0	1.0	200.0	0
461	10000.0	1.0	200.0	0
462	9990.0	0.999	199.8	0
463	9990.0	0.999	199.8	0
464	10000.0	1.0	200.0	0
465	10000.0	1.0	200.0	0
466	10000.0	1.0	200.0	0
467	10000.0	1.0	200.0	0
468	10000.0	1.0	200.0	0
469	10000.0	1.0	200.0	0
470	9990.0	0.999	199.8	0
471	9990.0	0.999	199.8	0
472	9720.0	0.972	194.4	0
473	9720.0	0.972	194.4	0
474	9110.0	0.911	182.2	0
475	9110.0	0.911	182.2	0
476	8820.0	0.882	176.4	0
477	8820.0	0.882	176.4	0
478	8550.0	0.855	171.0	0
479	8770.0	0.877	175.4	0
480	8220.0	0.822	164.4	0
481	8220.0	0.822	164.4	0
482	7180.0	0.718	143.6	0
483	7180.0	0.718	143.6	0
484	6690.0	0.669	133.8	0
485	6690.0	0.669	133.8	0
486	6690.0	0.669	133.8	0
487	6690.0	0.669	133.8	0
488	6680.0	0.668	133.6	0
489	6680.0	0.668	133.6	0
490	6700.0	0.67	134.0	0
491	6700.0	0.67	134.0	0
492	6710.0	0.671	134.2	0
493	6710.0	0.671	134.2	0
494	6700.0	0.67	134.0	0
495	6700.0	0.67	134.0	0
496	6700.0	0.67	134.0	0
497	6700.0	0.67	134.0	0
498	6700.0	0.67	134.0	0
499	6700.0	0.67	134.0	0
500	6700.0	0.67	134.0	0
501	6700.0	0.67	134.0	0
502	6700.0	0.67	134.0	0
503	6700.0	0.67	134.0	0
504	8080.0	0.808	161.6	0
505	8080.0	0.808	161.6	0
506	9100.0	0.91	182.0	0
507	9100.0	0.91	182.0	0
508	9110.0	0.911	182.2	0
509	9110.0	0.911	182.2	0
510	9100.0	0.91	182.0	0
511	9100.0	0.91	182.0	0
512	9680.0	0.968	193.6	0
513	9680.0	0.968	193.6	0
514	10000.0	1.0	200.0	0
515	10000.0	1.0	200.0	0
516	10000.0	1.0	200.0	0
517	10000.0	1.0	200.0	0
518	9150.0	0.915	183.0	0
519	9150.0	0.915	183.0	0
520	8510.0	0.851	170.2	0
521	8510.0	0.851	170.2	0
522	8520.0	0.852	170.4	0
523	8520.0	0.852	170.4	0
524	8500.0	0.85	170.0	0
525	8500.0	0.85	170.0	0
526	8510.0	0.851	170.2	0
527	8510.0	0.851	170.2	0
528	8500.0	0.85	170.0	0
529	8500.0	0.85	170.0	0
530	8500.0	0.85	170.0	0
531	8500.0	0.85	170.0	0
532	8500.0	0.85	170.0	0
533	8500.0	0.85	170.0	0
534	8500.0	0.85	170.0	0
535	8500.0	0.85	170.0	0
536	8500.0	0.85	170.0	0
537	8500.0	0.85	170.0	0
538	8490.0	0.849	169.8	0
539	8490.0	0.849	169.8	0
540	8500.0	0.85	170.0	0
541	8500.0	0.85	170.0	0
542	8250.0	0.825	165.0	0
543	8250.0	0.825	165.0	0
544	8240.0	0.824	164.8	0
545	8240.0	0.824	164.8	0
546	8500.0	0.85	170.0	0
547	8500.0	0.85	170.0	0
548	8510.0	0.851	170.2	0
549	8510.0	0.851	170.2	0
550	8500.0	0.85	170.0	0
551	8500.0	0.85	170.0	0
552	8500.0	0.85	170.0	0
553	8500.0	0.85	170.0	0
554	8510.0	0.851	170.2	0
555	8510.0	0.851	170.2	0
556	9380.0	0.938	187.6	0
557	9380.0	0.938	187.6	0
558	9990.0	0.999	199.8	0
559	9990.0	0.999	199.8	0
560	10000.0	1.0	200.0	0
561	10000.0	1.0	200.0	0
562	9990.0	0.999	199.8	0
563	9990.0	0.999	199.8	0
564	9260.0	0.926	185.2	0
565	9260.0	0.926	185.2	0
566	8780.0	0.878	175.6	0
567	8780.0	0.878	175.6	0
568	7810.0	0.781	156.2	0
569	7810.0	0.781	156.2	0
570	6110.0	0.611	122.2	1
571	6110.0	0.611	122.2	1
572	4970.0	0.497	99.4	1
573	4970.0	0.497	99.4	1
574	4890.0	0.489	97.8	1
575	4890.0	0.489	97.8	1
576	5010.0	0.501	100.2	1
577	5010.0	0.501	100.2	1
578	5000.0	0.5	100.0	0
579	5000.0	0.5	100.0	0
580	4510.0	0.451	90.2	0
581	4510.0	0.451	90.2	0
582	3660.0	0.366	73.2	0
583	3660.0	0.366	73.2	0
584	2750.0	0.275	55.0	0
585	2750.0	0.275	55.0	0
586	2080.0	0.208	41.6	0
587	2080.0	0.208	41.6	0
588	1750.0	0.175	35.0	0
589	1750.0	0.175	35.0	0
590	1670.0	0.167	33.4	0
591	1670.0	0.167	33.4	0
592	1650.0	0.165	33.0	0
593	1650.0	0.165	33.0	0
594	1650.0	0.165	33.0	0
595	1650.0	0.165	33.0	0
596	1650.0	0.165	33.0	0
597	1650.0	0.165	33.0	0
598	1660.0	0.166	33.2	0
599	1650.0	0.165	33.0	0
600	1660.0	0.166	33.2	0
601	1660.0	0.166	33.2	0
602	1660.0	0.166	33.2	0
603	1660.0	0.166	33.2	0
604	1660.0	0.166	33.2	0
605	1660.0	0.166	33.2	0
606	1650.0	0.165	33.0	0
607	1650.0	0.165	33.0	0
608	1540.0	0.154	30.8	0
609	1540.0	0.154	30.8	0
610	1350.0	0.135	27.0	0
611	1350.0	0.135	27.0	0
612	1140.0	0.114	22.8	0
613	1140.0	0.114	22.8	0
614	1040.0	0.104	20.8	0
615	1040.0	0.104	20.8	0
616	1050.0	0.105	21.0	0
617	1050.0	0.105	21.0	0
618	1050.0	0.105	21.0	0
619	1050.0	0.105	21.0	0
620	1050.0	0.105	21.0	0
621	1050.0	0.105	21.0	0
622	1050.0	0.105	21.0	0
623	1050.0	0.105	21.0	0
624	1050.0	0.105	21.0	0
625	1050.0	0.105	21.0	0
626	1050.0	0.105	21.0	0
627	1050.0	0.105	21.0	0
628	1050.0	0.105	21.0	0
629	1050.0	0.105	21.0	0
630	1050.0	0.105	21.0	0
631	1050.0	0.105	21.0	0
632	1050.0	0.105	21.0	0
633	1050.0	0.105	21.0	0
634	1050.0	0.105	21.0	0
635	1050.0	0.105	21.0	0
636	1050.0	0.105	21.0	0
637	1050.0	0.105	21.0	0
638	1050.0	0.105	21.0	0
639	1050.0	0.105	21.0	0
640	1050.0	0.105	21.0	0
641	1050.0	0.105	21.0	0
642	1050.0	0.105	21.0	0
643	1050.0	0.105	21.0	0
644	1050.0	0.105	21.0	0
645	1050.0	0.105	21.0	0
646	1490.0	0.149	29.8	0
647	1490.0	0.149	29.8	0
648	1850.0	0.185	37.0	0
649	1850.0	0.185	37.0	0
650	1740.0	0.174	34.8	0
651	1740.0	0.174	34.8	0
652	1650.0	0.165	33.0	0
653	1650.0	0.165	33.0	0
654	1580.0	0.158	31.6	0
655	1580.0	0.158	31.6	0
656	1450.0	0.145	29.0	0
657	1450.0	0.145	29.0	0
658	1450.0	0.145	29.0	0
659	1450.0	0.145	29.0	0
660	1450.0	0.145	29.0	0
661	1450.0	0.145	29.0	0
662	1340.0	0.134	26.8	0
663	1340.0	0.134	26.8	0
664	1250.0	0.125	25.0	0
665	1250.0	0.125	25.0	0
666	1250.0	0.125	25.0	0
667	1250.0	0.125	25.0	0
668	1250.0	0.125	25.0	0
669	1250.0	0.125	25.0	0
670	1580.0	0.158	31.6	0
671	1580.0	0.158	31.6	0
672	1850.0	0.185	37.0	0
673	1850.0	0.185	37.0	0
674	1850.0	0.185	37.0	0
675	1850.0	0.185	37.0	0
676	1850.0	0.185	37.0	0
677	1850.0	0.185	37.0	0
678	2300.0	0.23	46.0	0
679	2300.0	0.23	46.0	0
680	2920.0	0.292	58.4	0
681	2920.0	0.292	58.4	0
682	3420.0	0.342	68.4	0
683	3420.0	0.342	68.4	0
684	3650.0	0.365	73.0	0
685	3650.0	0.365	73.0	0
686	3650.0	0.365	73.0	0
687	3650.0	0.365	73.0	0
688	3650.0	0.365	73.0	0
689	3650.0	0.365	73.0	0
690	3660.0	0.366	73.2	0
691	3660.0	0.366	73.2	0
692	3650.0	0.365	73.0	0
693	3650.0	0.365	73.0	0
694	3650.0	0.365	73.0	0
695	3650.0	0.365	73.0	0
696	3650.0	0.365	73.0	0
697	3650.0	0.365	73.0	0
698	3650.0	0.365	73.0	0
699	3650.0	0.365	73.0	0
700	3650.0	0.365	73.0	0
701	3650.0	0.365	73.0	0
702	3650.0	0.365	73.0	0
703	3650.0	0.365	73.0	0
704	3650.0	0.365	73.0	0
705	3650.0	0.365	73.0	0
706	3540.0	0.354	70.8	0
707	3540.0	0.354	70.8	0
708	3450.0	0.345	69.0	0
709	3450.0	0.345	69.0	0
710	3450.0	0.345	69.0	0
711	3450.0	0.345	69.0	0
712	3360.0	0.336	67.2	0
713	3360.0	0.336	67.2	0
714	3300.0	0.33	66.0	0
715	3300.0	0.33	66.0	0
716	3300.0	0.33	66.0	0
717	3300.0	0.33	66.0	0
718	5360.0	0.536	107.2	0
719	7310.0	0.731	146.2	1